7 0.7752265861027192 0.8727320753471018 0.08096676737160123 0.1761510904198238
7 0.8740181268882177 0.509079953114424 0.09003021148036268 0.16253116074818805
7 0.49758308157099707 0.4527842438049957 0.07915407854984899 0.1480032357651099
7 0.6800604229607251 0.7365327786307431 0.0864048338368579 0.14527924983078264
7 0.4444108761329306 0.576271606161161 0.0972809667673716 0.16434715137107297
7 0.3996978851963748 0.3983045251184522 0.09123867069486401 0.146187245142225
7 0.34622356495468287 0.6961269872715568 0.07975830815709972 0.17705908573126636
7 0.19184290030211493 0.5258778663761082 0.07915407854984892 0.1543592029452065
7 0.2000000000000001 0.32611889785878206 0.10634441087613287 0.13075132484770444
7 0.5658610271903324 0.7201888630247801 0.061027190332326245 0.16162316543674585
7 0.628700906344411 0.6057814537830387 0.07915407854984892 0.1489112310765521
