4 0.4667673716012085 0.4529227937082922 0.24833836858006045 0.26984567649220215
4 0.3915407854984895 0.13583140954742165 0.1969788519637462 0.21351425581032835
4 0.8081570996978852 0.41975994121009225 0.18791540785498498 0.30527995724370344
4 0.16495468277945619 0.7432113244802067 0.20664652567975828 0.296194244230498
4 0.5347432024169184 0.645539909588248 0.13051359516616315 0.26621139128692
4 0.20211480362537762 0.30028281508644045 0.19154078549848944 0.19534282978391737
4 0.6453172205438067 0.16354283423769828 0.14984894259818737 0.25985139217767617
4 0.7583081570996978 0.7286741836590778 0.16435045317220542 0.2671199625882405
4 0.4794561933534743 0.9124913707995279 0.26283987915407847 0.17501725840094423
4 0.4123867069486405 0.8267998842016968 0.21812688821752263 0.20351997149580242
4 0.1299093655589124 0.6046542010288234 0.2090634441087613 0.2135142558103283
4 0.2060422960725075 0.1294714104381778 0.18006042296072505 0.16263426293637775
