8 0.5227670753064798 0.34457092819614715 0.18914185639229417 0.2250437828371279
8 0.34183450087565675 0.3677758318739055 0.20950087565674252 0.20140105078809106
8 0.3362521891418564 0.7062171628721541 0.19439579684763572 0.2040280210157617
8 0.4176882661996497 0.5144483362521891 0.1773204903677759 0.21628721541155868
8 0.756239054290718 0.500875656742557 0.14776707530647967 0.1628721541155867
8 0.7010726795096321 0.3502626970227671 0.13857267950963212 0.2084063047285464
8 0.5822022767075307 0.8704028021015762 0.15564798598949217 0.19439579684763572
8 0.671847635726795 0.6725043782837128 0.17338003502626967 0.20490367775831886
8 0.27320490367775835 0.21541155866900177 0.18651488616462344 0.20490367775831872
8 0.1714098073555166 0.38879159369527144 0.21935201401050786 0.2084063047285464
8 0.191440455341506 0.73555166374781 0.17272329246935178 0.18914185639229403
8 0.4229422066549911 0.8712784588441324 0.1510507880910686 0.19964973730297697
8 0.8439141856392294 0.6738178633975481 0.17469352014010497 0.2688266199649737
8 0.8590192644483363 0.3257443082311734 0.17994746059544653 0.26269702276707535
8 0.09391418563922947 0.19395796847635716 0.1799474605954467 0.211033274956217
8 0.2561295971978982 0.5678633975481598 0.165499124343257 0.21978984238178562
